0000 000000
0015 000001
0030 000010
0045 000011
0100 000100
0115 000101
0130 000110
0145 000111
0200 001000
0215 001001
0230 001010
0245 001011
0300 001100
0315 001101
0330 001110
0345 001111
0400 010000
0415 010001
0430 010010
0445 010011
0500 010100
0515 010101
0530 010110
0545 010111
0600 011000
0615 011001
0630 011010
0645 011011
0700 011100
0715 011101
0730 011110
0745 011111
0800 100000
0815 100001
0830 100010
0845 100011
0900 100100
0915 100101
0930 100110
0945 100111
1000 101000
1015 101001
1030 101010
1045 101011
1100 101100
1115 101101
1130 101110
1145 101111
1200 000000
1215 000001
1230 000010
1245 000011
1300 000100
1315 000101
1330 000110
1345 000111
1400 001000
1415 001001
1430 001010
1445 001011
1500 001100
1515 001101
1530 001110
1545 001111
1600 010000
1615 010001
1630 010010
1645 010011
1700 010100
1715 010101
1730 010110
1745 010111
1800 011000
1815 011001
1830 011010
1845 011011
1900 011100
1915 011101
1930 011110
1945 011111
2000 100000
2015 100001
2030 100010
2045 100011
2100 100100
2115 100101
2130 100110
2145 100111
2200 101000
2215 101001
2230 101010
2245 101011
2300 101100
2315 101101
2330 101110
2345 101111